36 80 300
34.1 44.51 12
34.1 44.51 12
34.1 44.51 12
34.1 44.51 12
34.32 39.47 12
34.32 39.47 12
34.32 39.47 12
34.1 44.51 15
34.1 44.51 15
34.1 33.84 18
34.1 33.84 23
34.1 37.57 25
34.1 37.57 25
34.1 37.57 25
57.66 55.345 45
28.88 33.25 30
28.88 33.25 30
34.1 37.57 30
34.1 37.57 30
34.1 37.57 30
34.1 37.57 30
34.1 37.57 30
57.66 55.345 50
34.1 44.51 27
34.1 44.51 27
34.32 39.47 30
34.32 39.47 30
34.32 39.47 30
34.1 44.51 35
34.1 44.51 35
34.1 44.51 35
34.1 44.51 40
34.1 44.51 40
34.1 44.51 40
34.32 39.47 40
34.32 39.47 40
