36 80 300 90
34.1 44.51 12 63
34.1 44.51 12 9
34.1 44.51 12 9
34.1 44.51 12 9
34.32 39.47 12 11
34.32 39.47 12 11
34.32 39.47 12 11
34.1 44.51 15 21
34.1 44.51 15 21
34.1 33.84 18 29
34.1 33.84 23 0
34.1 37.57 25 2
34.1 37.57 25 2
34.1 37.57 25 2
57.66 55.345 45 58
28.88 33.25 30 39
28.88 33.25 30 39
34.1 37.57 30 15
34.1 37.57 30 15
34.1 37.57 30 15
34.1 37.57 30 15
34.1 37.57 30 15
57.66 55.345 50 12
34.1 44.51 27 6
34.1 44.51 27 6
34.32 39.47 30 10
34.32 39.47 30 10
34.32 39.47 30 10
34.1 44.51 35 47
34.1 44.51 35 18
34.1 44.51 35 18
34.1 44.51 40 60
34.1 44.51 40 60
34.1 44.51 40 60
34.32 39.47 40 23
34.32 39.47 40 23
